37	137438953471
41	2199023255551
43	8796093022207
47	140737488355327
53	9007199254740991
59	576460752303423487
61	2305843009213693951
67	147573952589676412927
71	2361183241434822606847
73	9444732965739290427391
79	604462909807314587353087
83	9671406556917033397649407
89	618970019642690137449562111
97	158456325028528675187087900671
101	2535301200456458802993406410751
103	10141204801825835211973625643007
107	162259276829213363391578010288127
109	649037107316853453566312041152511
113	10384593717069655257060992658440191
127	170141183460469231731687303715884105727
131	2722258935367507707706996859454145691647
137	174224571863520493293247799005065324265471
139	696898287454081973172991196020261297061887
149	713623846352979940529142984724747568191373311
151	2854495385411919762116571938898990272765493247
157	182687704666362864775460604089535377456991567871
163	11692013098647223345629478661730264157247460343807
167	187072209578355573530071658587684226515959365500927
173	11972621413014756705924586149611790497021399392059391
179	766247770432944429179173513575154591809369561091801087
181	3064991081731777716716694054300618367237478244367204351
191	3138550867693340381917894711603833208051177722232017256447
193	12554203470773361527671578846415332832204710888928069025791
197	200867255532373784442745261542645325315275374222849104412671
199	803469022129495137770981046170581301261101496891396417650687
211	3291009114642412084309938365114701009965471731267159726697218047
223	13479973333575319897333507543509815336818572211270286240551805124607
227	215679573337205118357336120696157045389097155380324579848828881993727
229	862718293348820473429344482784628181556388621521298319395315527974911
233	13803492693581127574869511724554050904902217944340773110325048447598591
239	883423532389192164791648750371459257913741948437809479060803100646309887
241	3533694129556768659166595001485837031654967793751237916243212402585239551
251	3618502788666131106986593281521497120414687020801267626233049500247285301247
257	231584178474632390847141970017375815706539969331281128078915168015826259279871
263	14821387422376473014217086081112052205218558037201992197050570753012880593911807
269	948568795032094272909893509191171341133987714380927500611236528192824358010355711
271	3794275180128377091639574036764685364535950857523710002444946112771297432041422847
277	242833611528216133864932738352939863330300854881517440156476551217363035650651062271
281	3885337784451458141838923813647037813284813678104279042503624819477808570410416996351
283	15541351137805832567355695254588151253139254712417116170014499277911234281641667985407
293	15914343565113172548972231940698266883214596825515126958094847260581103904401068017057791
307	260740604970814219042361048116400404614587954389239840081425977517360806369707098391474864127
311	4171849679533027504677776769862406473833407270227837441302815640277772901915313574263597826047
313	16687398718132110018711107079449625895333629080911349765211262561111091607661254297054391304191
317	266998379490113760299377713271194014325338065294581596243380200977777465722580068752870260867071
331	4374501449566023848745004454235242730706338861786424872851541212819905998398751846447026354046107647
337	279968092772225526319680285071055534765205687154331191862498637620473983897520118172609686658950889471
347	286687326998758938951352611912760867599570623646035140467198604923365359511060601008752319138765710819327
349	1146749307995035755805410447651043470398282494584140561868794419693461438044242404035009276555062843277311
353	18347988927920572092886567162416695526372519913346248989900710715095383008707878464560148424881005492436991
359	1174271291386916613944740298394668513687841274454159935353645485766104512557304221731849499192384351515967487
367	300613450595050653169853516389035139504087366260264943450533244356122755214669880763353471793250393988087676927
373	19239260838083241802870625048898248928261591440656956380834127638791856333738872368854622194768025215237611323391
379	1231312693637327475383720003129487931408741852202045208373384168882678805359287831606695820465153613775207124697087
383	19701003098197239606139520050071806902539869635232723333974146702122860885748605305707133127442457820403313995153407
389	1260864198284623334792929283204595641762551656654894293374345388935863096687910739565256520156317300505812095689818111
397	322781234760863573706989896500376484291213224103652939103832419567580952752105149328705669160017228929487896496593436671
401	5164499756173817179311838344006023748659411585658447025661318713081295244033682389259290706560275662871806343945494986751
409	1322111937580497197903830616065542079656809365928562438569297590548811582472622691650378420879430569695182424050046716608511
419	1353842624082429130653522550851115089568572790710847937094960732721983060451965636249987502980536903367866802227247837807116287
421	5415370496329716522614090203404460358274291162843391748379842930887932241807862544999950011922147613471467208908991351228465151
431	5545339388241629719156828368286167406872874150751633150340959161229242615611251246079948812208279156194782421922807143657948315647
433	22181357552966518876627313473144669627491496603006532601363836644916970462445004984319795248833116624779129687691228574631793262591
439	1419606883389857208104148062281258856159455782592418086487285545274686109596480318996466895925319463985864300012238628776434768805887
443	22713710134237715329666368996500141698551292521478689383796568724394977753543685103943470334805111423773828800195818060422956300894207
449	1453677448591213781098647615776009068707282721374636120562980398361278576226795846652382101427527131121525043212532355867069203257229311
457	372141426839350727961253789638658321589064376671906846864122981980487315514059736743009817965446945567110411062408283101969716033850703871
461	5954262829429611647380060634218533145425030026750509549825967711687797048224955787888157087447151129073766576998532529631515456541611261951
463	23817051317718446589520242536874132581700120107002038199303870846751188192899823151552628349788604516295066307994130118526061826166445047807
467	381072821083495145432323880589986121307201921712032611188861933548019011086397170424842053596617672260721060927906081896416989218663120764927
479	1560874275157996115690798614896583152874299071332485575429578479812685869409882810060153051531745985579913465560703311447723987839644142653145087
487	399583814440447005616844445413525287135820562261116307309972090832047582568929999375399181192126972308457847183540047730617340886948900519205142527
491	6393341031047152089869511126616404594173128996177860916959553453312761321102879990006386899074031556935325554936640763689877454191182408307282280447
499	1636695303948070935006594848413799576108321023021532394741645684048066898202337277441635046162952078575443342063780035504608628272942696526664263794687
503	26187124863169134960105517574620793217733136368344518315866330944769070371237396439066160738607233257207093473020480568073738052367083144426628220715007
509	1675975991242824637446753124775730765934920727574049172215445180465220503759193372100234287270862928461253982273310756356719235351493321243304206125760511
521	6864797660130609714981900799081393217269435300143305409394463459185543183397656052122559640661454554977296311391480858037121987999716643812574028291115057151
523	27459190640522438859927603196325572869077741200573221637577853836742172733590624208490238562645818219909185245565923432148487951998866575250296113164460228607
541	7198262071269114212496861612297570974191515389283066612961208916178940129074380592510465097766225371439873457013633432197133225688790879502413624289384262168215551
547	460688772561223309599799143187044542348256984914116263229517370635452168260760357920669766257038423772151901248872539660616526444082616288154471954520592778765795327
557	471745303102692669030194322623533611364615152552055053547025787530703020299018606510765840647207345942683546878845480612471323078740599079070179281429087005456174415871
563	30191699398572330817932436647906151127335369763331523427009650401964993299137190816689013801421270140331747000246110759198164677039398341060491474011461568349195162615807
569	1932268761508629172347675945465993672149463664853217499328617625725759571144780212268096883290961288981231808015751088588682539330521493827871454336733540374348490407411711
571	7729075046034516689390703781863974688597854659412869997314470502903038284579120849072387533163845155924927232063004354354730157322085975311485817346934161497393961629646847
577	494660802946209068121005042039294380070262698202423679828126112185794450213063734340632802122486089979195342852032278678702730068613502419935092310203786335833213544297398271
587	506532662216918085755909163048237445191949002959281848144001138878253517018177263964807989373425756138696031080481053366991595590260226478013534525648677207893210669360535830527
593	32418090381882757488378186435087196492284736189394038281216072888208225089163344893747711319899248392876545989150787415487462117776654494592866209641515341305165482839074293153791
599	2074757784440496479256203931845580575506223116121218449997828664845326405706454073199853524473551897144098943305650394591197575537705887653943437417056981843530590901700754761842687
601	8299031137761985917024815727382322302024892464484873799991314659381305622825816292799414097894207588576395773222601578364790302150823550615773749668227927374122363606803019047370751
607	531137992816767098689588206552468627329593117727031923199444138200403559860852242739162502265229285668889329486246501015346579337652707239409519978766587351943831270835393219031728127
613	33992831540273094316133645219357992149093959534530043084764424844825827831094543535306400144974674282808917087119776064982181077609773263322209278641061590524405201333465166018030600191
617	43885304644369509058138323509727874385503352552480689356230797517213245297512696564902402319594788524942673393916417039714897241756372213155348458256985448390483221335442656288489603071
619	2175541218577478036232553294038911497542013410209922757424923190068852981190050786259609609278379154099770693575665668158859588967025488852621393833027941793561932885341770625153958412287
631	8911016831293350036408538292383381493932086928219843614412485386522021810954448020519360959604241015192660760885926576778688876408936402340337229140082449586429677098359892480630613656731647
641	9124881235244390437282343211400582649786457014497119861158385035798550334417354773011825622634742799557284619147188814621377409442750875996505322639444428376503989348720529900165748384493207551
643	36499524940977561749129372845602330599145828057988479444633540143194201337669419092047302490538971198229138476588755258485509637771003503986021290557777713506015957394882119600662993537972830207
647	583992399055640987986069965529637289586333248927815671114136642291107221402710705472756839848623539171666215625420084135768154204336056063776340648924443416096255318318113913610607896607565283327
653	37375513539561023231108477793896786533525327931380202951304745106630862169773485150256437750311906506986637800026885384689161869077507588081685801531164378630160340372359290471078905382884178132991
659	2392032866531905486790942578809394338145620987608332988883503686824375178865503049616412016019962016447144819201720664620106359620960485637227891297994520232330261783830994590149049944504587400511487
661	9568131466127621947163770315237577352582483950433331955534014747297500715462012198465648064079848065788579276806882658480425438483841942548911565191978080929321047135323978360596199778018349602045951
673	39191066485258739495582803211213116836177854260974927689867324404930562930532401964915294470471057677470020717800991369135822596029816596680341771026342219486499009066287015365002034290763159969980219391
677	627057063764139831929324851379409869378845668175598843037877190478889006888518431438644711527536922839520331484815861906173161536477065546885468336421475511783984145060592245840032548652210559519683510271
683	40131652080904949243476790488282231640246122763238325954424140190648896440865179612073261537762363061729301215028215161995082338334532195000669973530974432754174985283877903733762083113741475809259744657407
691	10273702932711667006330058365000251299903007427389011444332579888806117488861485980690754953667164943802701111047223081470741078613640241920171513223929454785068796232672743355843093277117817807170494632296447
701	10520271803096747014481979765760257331100679605646347718996561806137464308594161644227333072555176902453965937712356435426038864500367607726255629541303761699910447342256889196383327515768645434542586503471562751
709	2693189581592767235707386820034625876761773979045465016063119822371190863000105380922197266574125287028215280054363247469065949312094107577921441162573762995177074519617763634274131844036773231242902144888720064511
719	2757826131550993649364364103715456897804056554542556176448634698108099443712107910064330000971904293916892446775667965408323532095584366159791555750475533307061324308088589961496711008293655788792731796366049346060287
727	706003489677054374237277210551156965837838477962894381170850482715673457590299624976468480248807499242724466374570999144530824216469597736906638272121736526607699022870679030143158018123175881930939339869708632591433727
733	45184223339331479951185741475274045813621662589625240394934430893803101285779175998493982735923679951534365847972543945249972749854054255162024849415791137702892737463723457929162113159883256443580117751661352485851758591
739	2891790293717214716875887454417538932071786405736015385275803577203398482289867263903614895099115516898199414270242812495998255990659472330369590362610632812985135197678301307466375242232528412389127536106326559094512549887
743	46268644699475435470014199270680622913148582491776246164412857235254375716637876222457838321585848270371190628323884999935972095850551557285913445801770125007762163162852820919462003875720454598226040577701224945512200798207
751	11844773043065711480323635013294239465766037117894719018089691452225120183459296312949206610325977157215024800850914559983608856537741198665193842125253152001987113769690322155382272992184436377145866387891513586051123404341247
757	758065474756205534740712640850831325809026375545262017157740252942407691741394964028749223060862538061761587254458531838950966818415436714572405896016201728127175281260180617944465471499803928137335448825056869507271897877839871
761	12129047596099288555851402253613301212944422008724192274523844047078523067862319424459987568973800608988185396071336509423215469094646987433158494336259227650034804500162889887111447543996862850197367181200909912116350366045437951
769	3105036184601417870297958976925005110513772034233393222278104076052101905372753772661756817657292955900975461394262146412343160088229628782888574550082362278408909952041699811100530571263196889650525998387432937501785693707632115711
773	49680578953622685924767343630800081768220352547734291556449665216833630485964060362588109082516687294415607382308194342597490561411674060526217192801317796454542559232667196977608489140211150234408415974198927000028571099322113851391
787	813966605576154086191388158047028539690522256142078632860871314912602201882035164980643579207953404631705311351737456109117285358168867807661542486856790777111225290468019355281137486073219485440547487321275219968468108891293513341206527
797	833501804109981784259981473840157224643094790289488520049532226470504654727204008940179025108944286342866238824179155055736100206764920635045419506541353755761894697439251819807884785738976753091120627016985825247711343504684557661395484671
809	3414023389634485388328884116849283992138116261025744978122883999623187065762627620618973286846235796860380114223837819108295066446909114921146038298793384983600720680711175453933096082386848780661230088261573940214625662995187948181075905216511
811	13656093558537941553315536467397135968552465044102979912491535998492748263050510482475893147384943187441520456895351276433180265787636459684584153195173539934402882722844701815732384329547395122644920353046295760858502651980751792724303620866047
821	13983839803942852150595109342614667231797724205161451430391332862456574221363722734055314582922181823940116947860839707067576592166539734717014172871857704892828551908192974659309961553456532605588398441519406859119106715628289835749686907766833151
823	55935359215771408602380437370458668927190896820645805721565331449826296885454890936221258331688727295760467791443358828270306368666158938868056691487430819571314207632771898637239846213826130422353593766077627436476426862513159342998747631067332607
827	894965747452342537638086997927338702835054349130332891545045303197220750167278254979540133307019636732167484663093741252324901898658543021888907063798893113141027322124350378195837539421218086757657500257242038983622829800210549487979962097077321727
829	3579862989809370150552347991709354811340217396521331566180181212788883000669113019918160533228078546928669938652374965009299607594634172087555628255195572452564109288497401512783350157684872347030630001028968155934491319200842197951919848388309286911
839	3665779701564795034165604343510379326812382614037843523768505561895816192685171732396196386025552432054958017180031964169522798176905392217656963333320266191425647911421339149090150561469309283359365121053663391676919110861662410702765924749628709797887
853	60060134630437601839769261564074054890494076748396028293423195126101052500953853663579281588642651046788432153477643700953461525330417946094091687253119241280317815380727220618693026799113163298559838143343221009234642712357476936954116911097916781328596991
857	960962154087001629436308185025184878247905227974336452694771122017616840015261658617268505418282416748614914455642299215255384405286687137505466996049907860485085046091635529899088428785810612776957410293491536147754283397719630991265870577566668501257551871
859	3843848616348006517745232740100739512991620911897345810779084488070467360061046634469074021673129666994459657822569196861021537621146748550021867984199631441940340184366542119596353715143242451107829641173966144591017133590878523965063482310266674005030207487
863	61501577861568104283923723841611832207865934590357532972465351809127477760976746151505184346770074671911354525161107149776344601938347976800349887747194103071045442949864673913541659442291879217725274258783458313456274137454056383441015716964266784080483319807
877	1007641851683931820587806291420968258893675472328417820220872324040744595635843008946260940337480903424595632540239579541935629958157893251896932560850028184716008537290582817399466548302510149103210893455908181007667595468047259786297601506742546990374638711734271
881	16122269626942909129404900662735492142298807557254685123533957184651913530173488143140175045399694454793530120643833272670970079330526292030350920973600450955456136596649325078391464772840162385651374295294530896122681527488756156580761624107880751845994219387748351
883	64489078507771636517619602650941968569195230229018740494135828738607654120693952572560700181598777819174120482575333090683880317322105168121403683894401803821824546386597300313565859091360649542605497181178123584490726109955024626323046496431523007383976877550993407
887	1031825256124346184281913642415071497107123683664299847906173259817722465931103241160971202905580445106785927721205329450942085077153682689942458942310428861149192742185556805017053745461770392681687954898849977351851617759280394021168743942904368118143630040815894527
907	1081947199765842424529591879509026010150599323721976877318063532086628152436172512203606540057921920808293160946190599534351047801861499980289103827892100253508375928829962412377562148201321351276593628996016513851695161943555198441141036848674890703850575013678567420592127
911	17311155196253478792473470072144416162409589179551630037089016513386050438978760195257704640926750732932690575139049592549616764829783999684625661246273604056134014861279398598040994371221141620425498063936264221627122591096883175058256589578798251261609200218857078729474047
919	4431655730240890570873208338468970537576854829965217289494788227426828912378562609985972388077248187630768787235596695692701891796424703919264169279046042638370307804487526041098494559032612254828927504367683640736543383320802092814913686932172352322971955256027412154745356287
929	4538015467766671944574165338592225830478699345884382504442663144885072806275648112625635725391102144133907238129251016389326737199538896813326509341743147661691195191795226666084858428449394948944821764472508048114220424520501343042471615418544488778723282182172070046459244838911
937	1161731959748268017810986326679609812602547032546401921137321765090578638406565916832162745700122148898280252961088260195667644723081957584211586391486245801392945969099578026517723757683045106929874371704962060317240428677248343818872733547147389127353160238636049931893566678761471
941	18587711355972288284975781226873757001640752520742430738197148241449258214505054669314603931201954382372484047377412163130682315569311321347385382263779932822287135505593248424283580122928721710877989947279392965075846858835973501101963736754358226037650563818176798910297066860183551
947	1189613526782226450238449998519920448105008161327515567244617487452752525728323498836134651596925080471838979032154378440363668196435924566232664464881915700626376672357967899154149127867438189496191356625881149764854198965502304070525679152278926466409636084363315130259012279051747327
953	76135265714062492815260799905274908678720522324960996303655519196976161646612703925512617702203205150197694658057880220183274764571899172238890525752442604840088107030909945545865544183516044127756246824056393584950668733792147460513643465745851293850216709399252168336576785859311828991
967	1247400193459199882285232945648024103792157037772160963439092026523257432418102541115598728432897313180839029277620309527482773742745996037961982373928019637700003545594428547823461075902726866989158347965339952495831756534450543993055534542780027598441950566797347526026474059518965006204927
971	19958403095347198116563727130368385660674512604354575415025472424372118918689640657849579654926357010893424468441924952439724379883935936607391717982848314203200056729510856765175377214443629871826533567445439239933308104551208703888888552684480441575071209068757560416423584952303440099278847
977	1277337798102220679460078536343576682283168806678692826561630235159815610796137002102373097915286848697179165980283196956142360312571899942873069950902292109004803630688694832971224141724392311796898148316508111355731718691277357048888867371806748260804557380400483866651109436947420166353846271
983	81749619078542123485445026325988907666122803627436340899944335050228199090952768134551878266578358316619466622738124605193111060004601596343876476857746694976307432364076469310158345070361107955001481492256519126766829996241750851128887511795631888691491672345630967465671003964634890646646161407
991	20927902484106783612273926739453160362527437728623703270385749772858418967283908642445280836244059729054583455420959898929436431361178008664032378075583153913934702685203576143400536338012443636480379262017668896452308479037888217888995203019681763505021868120481527671211777014946532005541417320447
997	1339385758982834151185531311325002263201756014631917009304687985462938813906170153116497973519619822659493341146941433531483931607115392554498072196837321850491820971853028873177634325632796392734744272769130809372947742658424845944895692993259632864321399559710817770957553728956578048354650708508671
1009	5486124068793688683255936251187209270074392635932332070112001988456197381759672947165175699536362793613284725337872111744958183862744647903224103718245670299614498700710006264535590197791934024641512541262359795191593953928908168990292758500391456212260452596575509589842140073806143686060649302051520511
1013	87777985100699018932094980018995348321190282174917313121792031815299158108154767154642811192581804697812555605405953787919330941803914366451585659491930724793831979211360100232569443164670944394264200660197756723065503262862530703844684136006263299396167241545208153437474241180898298976970388832824328191
1019	5617791046444737211654078721215702292556178059194708039794690036179146118921905097897139916325235500660003558745981042426837180275450519452901482207483566386805246669527046414884444362538940441232908842252656430276192208823201965046059784704400851161354703458893321819998351435577491134526104885300757004287
1021	22471164185778948846616314884862809170224712236778832159178760144716584475687620391588559665300942002640014234983924169707348721101802077811605928829934265547220986678108185659537777450155761764931635369010625721104768835292807860184239138817603404645418813835573287279993405742309964538104419541203028017151
1031	23010472126237643618935106442099516590310105330461524130999050388189782503104123280986685097268164610703374576623538349780325090408245327679084471121852687920354290358382782115366684108959500047289994617866880738411283287339835248828660878149225886356908865367627046174713247480125403687018925610191900689563647
1033	92041888504950574475740425768398066361240421321846096523996201552759130012416493123946740389072658442813498306494153399121300361632981310716337884487410751681417161433531128461466736435838000189159978471467522953645133149359340995314643512596903545427635461470508184698852989920501614748075702440767602758254591
1039	5890680864316836766447387249177476247119386964598150177535756899376584320794655559932591384900650140340063891615625817543763223144510803885845624607194288107610698331745992221533871131893632012106238622173921469033288521558997823700137184806201826907368669534112523820726591354912103343876844956209126576528293887
1049	6032057205060440848842124543157735677050252251748505781796615064961622344493727293370973578138265743708225425014400837164813540499979063179105919597766951022193355091707896034850684039059079180396788349106095584290087446076413771468940477241550670753145517602931224392424029547429993824129889235158145614364972941311
1051	24128228820241763395368498172630942708201009006994023127186460259846489377974909173483894312553062974832901700057603348659254161999916252716423678391067804088773420366831584139402736156236316721587153396424382337160349784305655085875761908966202683012582070411724897569696118189719975296519556940632582457459891765247
1061	24707306311927565716857342128774085333197833223161879682238935306082805123046306993647507776054336486228891340858985829027076261887914242781617846672453431386903982455635542158748401823985988322905245077938567513252198179128990807936780194781391547404884040101606295111368825026273254703636026307207764436438929167613951
1063	98829225247710262867429368515096341332791332892647518728955741224331220492185227974590031104217345944915565363435943316108305047551656971126471386689813725547615929822542168634993607295943953291620980311754270053008792716515963231747120779125566189619536160406425180445475300105093018814544105228831057745755716670455807
1069	6325070415853456823515479584966165845298645305129441198653167438357198111499854590373761990669910140474596183259900372230931523043306046152094168748148078435047419508642698792639590866940413010663742739952273283392562733857021646831815729864036236135650314266011211548510419206725953204130822734645187695728365866909171711
1087	1658079259093488585543641880321370579349968074867852233579735924960709341741017881738939463282172923864572541864483323178105313176664420162494573772314529873277070739673631632297712908223227628267436176822048727601659965304215082587079502689477915085543915982949243040172715332527968276743670394950828083309016741815037909270527
1091	26529268145495817368698270085141929269599489197885635737275774799371349467856286107823031412514766781833160669831733170849685010826630722599913180357032477972433131834778106116763406531571642052278978829152779641626559444867441321393272043031646641368702655727187888642763445320447492427898726319213249332944267869040606548328447
1093	26529268145495817368698270085141929269599489197885635737275774799371349467856286107823031412514766781833160669831733170849685010826630722599913180357032477972433131834778106116763406531571642052278978829152779641626559444867441321393272043031646641368702655727187888642763445320447492427898726319213249332944267869040606548328447
1097	1697873161311732311596689285449083473254367308664680687185649587159766365942802310900674010400945074037322282869230922934379840692904366246394443542850078590235720437425798791472858018020585091345854645065777897064099804471516244569169410754025385047596969966540024873136860500508639515385518484429647957308433143618598819093020671
1103	108663882323950867942188114268741342288279507754539563979881573578225047420339347897643136665660484738388626103630779067800309804345879439769244386742405029775086107995251122654262913153317445846134697284209785412102387486177039652426842288257624643046206077858561591880759072032552928984673183003497469267739721191590324421953323007
1109	6954488468732855548300039313199445906449888496290532094712420709006403034901718265449160746602271023256872070632369860339219827478136284145231640751513921905605510911696071849872826441812316534152620626189426266374552799115330537755317906448487977154957188982947941880368580610083387455019083712223838033135342156261780763005012672511
1117	1780349047995611020364810064179058152051171455050376216246379701505639176934839875954985151130181381953759250081886684246840275834402888741179300032387564007835010793394194393567443569103953032743070880304493124191885516573524617665361384050812922151669040379634673121374356636181347188484885430329302536482647592003015875329283244163071
1123	113942339071719105303347844107459721731274973123224077839768300896360907323829752061119049672331608445040592005240747791797777653401784879435475202072804096501440690777228441188316388422652994095556536339487559948280673060705575530583128579252027017706818584296619079767958824715606220063032667541075362334889445888193016021074127626436607
1129	7292309700590022739414262022877422190801598279886340981745171257367098068725104131911619179029222940482597888335407858675057769817714232283870412932659462176092204209742620236052248859049791622115618325727203836689963075885156833957320229072129729133236389394983621105149364781798798084034090722628823189432924536844353025348744168091942911
1151	30586163746423534736016196859602863404567906871720399525097698785459848898045979160893431969078985896157922253436754523272229504177518075325166808445105312843032236485740311026554891598507977199806026406070913961044058889037416849294524066078150011422449920984937381935812401301757825999056522854284963618731273116584417271632339059204708523573247
1153	122344654985694138944064787438411453618271627486881598100390795141839395592183916643573727876315943584631689013747018093088918016710072301300667233780421251372128945942961244106219566394031908799224105624283655844176235556149667397178096264312600045689799683939749527743249605207031303996226091417139854474925092466337669086529356236818834094292991
1163	125280926705350798278722342336933328505110146546566756454800174225243541086396330643019497345347526230662849550076946527323052049111114036531883247391151361405060040645592313964768835987488674610405484159266463584436465209497259414710370574656102446786354876354303516409087595732000055292135517611151210982323294685529773144606060786502486112556023807
1171	32071917236569804359352919638254932097308197515921089652428844601662346518117460644612991320408966715049689484819698310994701324572445193352162111332134748519695370405271632374980822012797100700263803944772214677615735093631298410165854867111962226377306848346701700200726424507392014154786692508454710011474763439495621925019151561344636444814342094847
1181	32841643250247479663977389709573050467643594256303195804087136872102242834552279700083703112098781916210882032455371070458574156362183877992614002004105982484168059294998151551980361741104231117070135239446747829878512735878449572009835383922649319810362212707022541005543858695569422494501573128657623051750157762043516851219611198816907719489886305124351
1187	2101865168015838698494552941412675229929190032403404531461576759814543541411345900805356999174322042637496450077143748509348746007179768191527296128262782878986755794879881699326743151430670791492488655324591861112224815096220772608629464571049556467863181613249442624354806956516443039648100680234087875312010096770785078478055116724282094047352723527958527
1193	134519370753013676703651388250411214715468162073817890013540912628130786650326137651542847947156610728799772804937199904598319744459505164257746952208818104255152370872312428756911561691562930655519273940773879111182388166158129446952285732547171613943243623247964327958707645217052354537478443534981624019968646193330245022595527470354054019030574305789345791
1201	34436958912771501236134755392105270967159849490897379843466473632801481382483491238794969074472092346572741838063923175577169854581633322049983219765457434689319006943311981761769359793040110247812934128838113052462691370536481138419785147532075933169470367551478867957429157175565402761594481544955295749111973425492542725784455032410637828871827022282072522751
1213	141053783706712069063207958086063189881486743514715667838838675999954867742652380114104193329037690251561950568709829327164087724366370087116731268159313652487450652439805877296207297712292291575041778191720911062887183853717426742967439964291383022262150625490857443153629827791115889711490996408136891388362643150817455004813127812753972547059003483267369053192191
1217	2256860539307393105011327329377011038103787896235450685421418815999277883882438081825667093264603044024991209099357269234625403589861921393867700290549018439799210439036894036739316763396676665200668451067534577006194941659478827887479039428662128356194410007853719090458077244657854235383855942530190262213802290413079280077010045004063560752944055732277904851075071
1223	144439074515673158720724949080128706438642425359068843866970804223953784568476037236842693968934594817599437382358865231016025829751162969207532818595137180147149468098361218351316272857387306572842780868322212928396476266206644984798658523434376214796442240502638021789316943658102671064566780321932176781683346586437073924928642880260067888188419566865785910468804607
1229	9244100769003082158126396741128237212073115222980406007486131470333042212382466383157932414011814068326363992470967374785025653104074430029282100390088779529417565958295117974484241462872787620661937975572621627417374481037225279027114145499800077746972303392168833394516284394118570948132273940603659314027734181531972731195433144336644344844058852279410298270003494911
1231	36976403076012328632505586964512948848292460891921624029944525881332168849529865532631729656047256273305455969883869499140102612416297720117128401560355118117670263833180471897936965851491150482647751902290486509669497924148901116108456581999200310987889213568675333578065137576474283792529095762414637256110936726127890924781732577346577379376235409117641193080013979647
1237	2366489796864789032480357565728828726290717497082983937916449656405258806369911394088430697987024401491549182072567647944966567194643054087496217699862727559530896885323550201467965814495433630889456121746591136618847867145529671430941221247948819903224909668395221348996168804894354162721862128794536784391099950472185019186030884950180952280079066183529036357120894697471
1249	9693142207958175877039544589225282462886778868051902209705777792635940070891157070186212138954851948509385449769237085982583059229257949542384507698637732083838553642285261625212787976173296152123212274674037295590800863828089534181135242231598366323609230001746826645488307424847274650508747279542422668865945397134069838585982504755941180539203855087734932918767184680845311
1259	9925777620949172098088493659366689241996061560885147862738716459659202632592544839870681230289768395273610700563698776046165052650760140331401735883405037653850678929700107904217894887601455259774169369266214190684980084559963683001482488045156727115375851521788750484980026803043609242120957214251440812918728086665287514712046084870083768872144747609840571308817597113185599487
1277	2601983048666099770481310081841021384653815561816676201329778087600902014918340074503059860433081046210605403488570251947845891562080866227034976651419330190731032377347305086443295837415395887618239855136922452802923419286887119716740625346109565072933087221327790207134604146257063901166556207972729700461767055550785130256674608872183239507219512717434046725178680177638925792182271
1279	10407932194664399081925240327364085538615262247266704805319112350403608059673360298012239441732324184842421613954281007791383566248323464908139906605677320762924129509389220345773183349661583550472959420547689811211693677147548478866962501384438260291732348885311160828538416585028255604666224831890918801847068222203140521026698435488732958028878050869736186900714720710555703168729087
1283	166526915114630385310803845237825368617844195956267276885105797606457728954773764768195831067717186957478745823268496124662137059973175438530238505690837132206786072150227525532370933594585336807567350728763036979387098834360775661871400022151012164667717582164978573256614665360452089674659597310254700829553091555250248336427174967819727328462048813915778990411435531368891250699665407
1289	10657722567336344659891446095220823591542028541201105720646771046813294653105520945164533188333899965278639732689183751978376771838283228065935264364213576461234308617614561634071739750053461555684310446640834366680774325399089642359769601417664778538733925258558628688423338583068933739178214227856300853091397859536015893531339197940462549021571124090609855386331874007609040044778586111
1291	42630890269345378639565784380883294366168114164804422882587084187253178612422083780658132753335599861114558930756735007913507087353132912263741057456854305844937234470458246536286959000213846222737241786563337466723097301596358569439078405670659114154935701034234514753693354332275734956712856911425203412365591438144063574125356791761850196086284496362439421545327496030436160179114344447
1297	2728376977238104232932210200376530839434759306547483064485573387984203431195013361962120496213478391111331771568431040506464453590600506384879427677238675574075983006109327778322365376013686158255183474340053597870278227302166948444101017962922183305915884866191008944236374677265647037229622842331213018391397852041220068744022834672758412549522207767196122978900959745947914251463318044671
1301	43654031635809667726915363206024493430956148904759729031769174207747254899120213791393927939415654257781308345094896648103431257449608102158070842835818809185215728097749244453157846016218978532082935589440857565924451636834671175105616287406754932894654157859056143107781994836250352595673965477299408294262365632659521099904365354764134600792355324275137967662415355935166628023413088714751
1303	174616126543238670907661452824097973723824595619038916127076696830989019596480855165575711757662617031125233380379586592413725029798432408632283371343275236740862912390996977812631384064875914128331742357763430263697806547338684700422465149627019731578616631436224572431127979345001410382695861909197633177049462530638084399617461419056538403169421297100551870649661423740666512093652354859007
1307	2793858024691818734522583245185567579581193529904622658033227149295824313543693682649211388122601872498003734086073385478619600476774918538116533941492403787853806598255951645002102145038014626053307877724214884219164904757418955206759442394032315705257866102979593158898047669520022566123133790547162130832791400490209350393879382704904614450710740753608829930394582779850664193498437677744127
1319	11443642469137689536604500972280084805964568698489334407304098403515696388274969324131169845750177269751823294816556586920425883552870066332125323024352885915049191826456377937928610386075707908314349067158384165761699449886388040526886676045956365128736219557804413578846403254354012430840356006081176087891113576407897499213329951559289300790111194126781767394896211066268320536569600728039948287
1321	45774569876550758146418003889120339223858274793957337629216393614062785553099877296524679383000709079007293179266226347681703534211480265328501292097411543660196767305825511751714441544302831633257396268633536663046797799545552162107546704183825460514944878231217654315385613017416049723361424024324704351564454305631589996853319806237157203160444776507127069579584844265073282146278402912159793151
1327	2929572472099248521370752248903701710326929586813269608269849191300018275398392146977579480512045381056466763473038486251629026189534736981024082694234338794252593107572832752109724258835381224528473361192546346434995059170915338374882989067764829472956472206797929876184679233114627182295131137556781078500125075560421759798612467599178061002268465696456132453093430032964690057361817786378226761727
1361	50329671835712579461854951999839402796773712173831143305398933677942504868153662569007716456159616982821530713710670704800369176833516771157840831040544211525995840640881306433555762781103205628168904428516728467610359876242665010819584903491101881621459858238920230794858106249910735868760873823350608300758583725766161321207232378065317633941744167913507807938722144096190182876581485726422392912374977789951
1367	3221098997485605085558716927989721778993517579125193171545531755388320311561834404416493853194215486900577965677482925107223627317345073354101813186594829537663733801016403611747568817990605160202809883425070621927063032079530560692453433823430520423773430927290894770870918799994287095600695924694438931248549358449034324557262872196180328572271626746464499708078217222156171704101215086491033146391998578556927
1373	206150335839078725475757883391342193855585125064012362978914032344852499939957401882655606604429791161636989803358907206862312148310084694662516043942069090410478963265049831151844404351398730252979832539204519803332034053089955884317019764699553307121499579346617265335738803199634374118444539180444091599907158940738196771664823820555541028625384111773727981317005902217994989062477765535426121369087909027643391
1381	52774485974804153721794018148183601627029792016387164922601992280282239984629094881959835290734026537379069389659880244956751909967381681833604107249169687145082614595852756774872167513958074944762837130036357069653000717591028706385157059763085646623103892312734019925949133619106399774321802030193687449576232688828978373546194898062218503328098332614074363217153510967806717199994307977069087070486504711076708351
1399	13834514851379060073245971093437442064916097798343796961470576664322307518530609448736479062454180652614698766082999646933942772686489303602588315090726338466960536920615225071992089480779025598319909176616250787667116220112182629206630612274534323748366946746429346919468009683447028062439814471403094002781711941980383706754893715357622207336441009304783909871197489979144724073675307870340798761005614290980492634226687
1409	14166543207812157515003874399679940674474084145504048088545870504266042898975344075506154559953080988277451536468991638460357399230965046889050434652903770590167589806709990473719899628317722212679586996855040806571127009394875012307589746969123147518327753468343651245535241915849756735938370018716768258848473028587912915717011164526205140312515593528098723708106229738644197451443515259228977931269749033964024457448128511
1423	232104643916794388725823478164356148010583394639938323882735542341894846856812037333092836310271278911937765973507959004534495629000131328230202321353175377349305791393136483921426835510357560732542353356472988574861344921925632201647550414342113648940281912825342382006849403549282414361614254386655531152973382100384365211107510919597345018880255484364369489233612468037946531044450554007207574425923568172466576710830137540607
1427	3713674302668710219613175650629698368169334314239013182123768677470317549708992597329485380964340462591004255576127344072551930064002101251683237141650806037588892662290183742742829368165720971720677653703567817197781518750810115226360806629473818383044510605205478112109590456788518629785828070186488498447574113606149843377720174713557520302084087749829911827737799488607144496711208864115321190814777090759465227373282200649727
1429	14854697210674840878452702602518793472677337256956052728495074709881270198835970389317941523857361850364017022304509376290207720256008405006732948566603224150355570649160734970971317472662883886882710614814271268791126075003240460905443226517895273532178042420821912448438361827154074519143312280745953993790296454424599373510880698854230081208336350999319647310951197954428577986844835456461284763259108363037860909493128802598911
1433	237675155370797454055243241640300695562837396111296843655921195358100323181375526229087064381717789605824272356872150020643323524096134480107727177065651586405689130386571759535541079562606142190123369837028340300658017200051847374487091624286324376514848678733150599175013789234465192306292996491935263900644743270793589976174091181667681299333381615989114356975219167270857247789517367303380556212145733808605774551890060841582591
1439	15211209943731037059535567464979244516021593351122997993978956502918420683608033678661572120429938534772753430839817601321172705542152606726894539332201701529964104344740592610274629092006793100167895669569813779242113100803318231967173863954324760096950315438921638347200882511005772307602751775483856889641263569330789758475141835626731603157336423423303318846414026705334863858529111507416355597577326963750769571320963893861285887
1447	3894069745595145487241105271034686596101527897887487486458612864747115695003656621737362462830064264901824878294993305938220212618791067322085002069043635591670810712253591708230305047553739033642981291409872327485980953805649467383596509172307138584819280752363939416883425922817477710746304454523867363748163473748682178169636309920443290408278124396365649624681990836565725147783452545898587032979795702720197010258166756828489187327
1451	62305115929522327795857684336554985537624446366199799783337805835953851120058505947797799405281028238429198052719892895011523401900657077153360033104698169466732971396057467331684880760859824538287700662557957239775695260890391478137544146756914217357108492037823030670134814765079643371940871272381877819970615579978914850714180958727092646532449990341850393994911853385051602364535240734377392527676731243523152164130668109255826997247
1453	249220463718089311183430737346219942150497785464799199133351223343815404480234023791191197621124112953716792210879571580046093607602628308613440132418792677866931885584229869326739523043439298153150802650231828959102781043561565912550176587027656869428433968151292122680539259060318573487763485089527511279882462319915659402856723834908370586129799961367401575979647413540206409458140962937509570110706924974092608656522672437023307988991
1459	15950109677957715915739567190158076297631858269747148744534478294004185886734977522636236647751943229037874701496292581122949990886568211751260168474802731383483640677390711636911329474780115081801651369614837053382577986787940218403211301569770039643419773961682695851554512579860388703216863045729760721912477588474602201782830325434135717512307197527513700862697434466573210205321021628000612487085243198341926954017451035969491711295487
1471	65331649240914804390869267210887480515100091472884321257613223092241145392066467932718025309191959466139134777328814412279603162671383395333161650072791987746748992214592354864788805528699351375059564009942372570655039433883403134579553491229778082379447394147052322207967283527108152128376271035309099916953508202391970618502473012978219898930410281072696118733608691575083869000994904588290508747101156140408532803655479443331038049466318847
1481	66899608822696759696250129623948780047462493668233544967795940446454932881476063163103257916612566493326474011984705958174313638575496596821157529674538995452670968027742571381543736861388135808060993546180989512350760380296604809809462775019292756356554131606581577940958498331758747779457301540156518314960392399249377913346532365289697176504740127818440825583215300172885881857018782298409480957031583887778337590943210949970982962653510500351
1483	267598435290787038785000518495795120189849974672934179871183761785819731525904252652413031666450265973305896047938823832697254554301986387284630118698155981810683872110970285526174947445552543232243974184723958049403041521186419239237851100077171025426216526426326311763833993327034991117829206160626073259841569596997511653386129461158788706018960511273763302332861200691543527428075129193637923828126335551113350363772843799883931850614042001407
1487	4281574964652592620560008295932721923037599594766946877938940188573115704414468042438608506663204255572894336767021181323156072868831782196554081899170495708970941953775524568418799159128840691715903586955583328790448664338982707827805617601234736406819464422821220988221343893232559857885267298570017172157465113551960186454178071378540619296303368180380212837325779211064696438849202067098206781250021368817813605820365500798142909609824672022527
1489	17126299858610370482240033183730887692150398379067787511755760754292462817657872169754434026652817022291577347068084725292624291475327128786216327596681982835883767815102098273675196636515362766863614347822333315161794657355930831311222470404938945627277857691284883952885375572930239431541069194280068688629860454207840745816712285514162477185213472721520851349303116844258785755396808268392827125000085475271254423281462003192571638439298688090111
1493	274020797737765927715840530939694203074406374065084600188092172068679405082525954716070944426445072356665237553089355604681988663605234060579461241546911725374140285041633572378803146184245804269817829565157333042588714517694893300979559526479023130036445723060558143246166009166883830904657107108481099018077767267325451933067396568226599634963415563544333621588849869508140572086348932294285234000001367604340070772503392051081146215028779009441791
1499	17537331055217019373813793980140428996762007940165414412037899012395481925281661101828540443292484630826575203397718758699647274470734979877085519459002350423944978242664548632243401355791731473268341092170069314725677729132473171262691809694657480322332526275875721167754624586680565177898054854942790337156977105108828923716313380366502376637658596066837351781686391648520996613526331666834254976000087526677764529440217091269193357761841856604274687
1511	71832908002168911355141300142655197170737184522917537431707234354771893965953683873089701655726017047865652033117056035633755236232130477576542287704073627336478630881953991197668971953322932114507125113528603913116375978526610109491985652509317039400274027625986953903122942307043594968670432685845669220994978222525763271542019605981193734707849609489765792897787460192342002129003854507353108381696358509272123512587129205838615993392504244651109122047
1523	294227591176883860910658765384315687611339507805870233320272831917145677684546289144175417981853765828057710727647461521955861447606806436153517210435885577570216472092483547945652109120810729941021184465013161628124676008044995008479173232678162593383522417156042563187191571689650564991674092281223861129195430799465526360236112306098969537363352000470080687709337436947832840720399788062118331931428284453978617907556881227114971108935697386090942963908607
1531	75322263341282268393128643938384816028502913998302779729989844970789293487243850020908907003354564051982773946277750149620700530587342447655300405871586707857975416855675788274086939934927546864901423223043369376799917058059518722170668347565609623906181738791946896175921042352550544637868567623993308449074030284663174748220444750361336201565018112120340656053590383858645207224422345743902292974445640820218526184334561594141432603887538530839281398760603647
1543	308519990645892171338254925571624206452747935737048185774038405000352946123750809685642883085740294356921442083953664612846389373285754665596110462450019155386267307440848028770660105973463231958636229521585640967372460269811788686011057551628737019519720402091814486736572589476047030836709652987876591407407228045980363768710941697480033081610314187244915327195506212285010768791233928167023792023329344799615083251034364289603307945523357822317696609323432542207
1549	19745279401337098965648315236583949212975867887171083889538457920022588551920051819881144517487378838842972293373034535222168919890288298598151069596801225944721107676214273841322246782301646845352718689381481021911837457267954475904707683304239169249262105733876127151140645726467009973549417791224101850074062594942743281197500268638722117223060107983674580940512397586240689202638971402689522689493078067175365328066199314534611708513494900628332582996699682701311
1553	315924470421393583450373043785343187407613886194737342232615326720361416830720829118098312279798061421487556693968552563554702718244612777570417113548819615115537722819428381461155948516826349525643499030103696350589399316287271614475322932867826707988193691742018034418250331623472159576790684659585629601185001519083892499160004298219553875568961727738793295048198361379851027242223542443032363031889249074805845249059189032553787336215918410053321327947194923220991
1559	20219166106969189340823874802261963994087288716463189902887380910103130677166133063558291985907075930975203628413987364067500973967655217764506695267124455367394414260443416413513980705076886369641183937926636566437721556242385383326420667703540909311244396271489154202768021223902218212914603818213480294475840097221369119946240275086051448036413550575282770883084695128310465743502306716354071234040911940787574095939788098083442389517818778243412564988620475086143487
1567	5176106523384112471250911949379062782486345911414576615139169512986401453354530064270922748392211438329652128873980765201280249335719735747713713988383860574052970050673514601859579060499682910628143088109218961008056718398050658131563690932106472783678565445501223475908613433318967862506138577462650955385815064888670494706237510422029170697321868947272389346069681952847479230336590519386642235914473456841618968560585753109361251716561607230313616637086841622052732927
1571	82817704374145799540014591190065004519781534582633225842226712207782423253672481028334763974275383013274434061983692243220483989371515771963419423814141769184847520810776233629753264967994926570050289409747503376128907494368810530105019054913703564538857047128019575614537814933103485800098217239402415286173041038218727915299800166752466731157149903156358229537114911245559667685385448310186275774631575309465903496969372049749780027464985715685017866193389465952843726847
1579	21201332319781324682243735344656641157064072853154105815610038325192300352940155143253699577414498051398255119867825214264443901279108037622635372496420292911320965327558715809216835831806701201932874088895360864289000318558415495706884878057908112521947404064773011357321680622874492364825143613287018313260298505783994346316748842688631483176230375208027706761501417278863274927458674767407686598305683279223271295224159244735943687031036343215364573745507703283927994073087
1583	339221317116501194915899765514506258513025165650465693049760613203076805647042482292059193238631968822372081917885203428231102420465728601962165959942724686581135445240939452947469373308907219230925985422325773828624005096934647931310158048926529800351158465036368181717146889965991877837202297812592293012164776092543909541067981483018103730819686003328443308184022676461812398839338796278522985572890932467572340723586547915775098992496581491445833179928123252542847905169407
1597	5557802059636755577502101758189670539477404314017229914927277886719210383721144029873097822021746177185744190142631172968138382056910497414548127087701601264945323134827551997091338212293135879879491345159385478408175699508177271706585629473612264248953380291155856289253734645202810926484722447361512128711307691500239413920857808617768611525749735478533215161287027531150334342583726838227320595626245037548705230415242001052059221893063991155848530819942371369662020078295580671
1601	88924832954188089240033628131034728631638469024275678638836446187507366139538304477969565152347938834971907042282098767490214112910567958632770033403225620239125170157240831953461411396690174078071861522550167654530811192130836347305370071577796227983254084658493700628059754323244974823755559157784194059380923064003830622733724937884297784411995767656531442580592440498405349481339629411637129530019920600779283686643872016832947550289023858493576493119077941914592321252729290751
1607	5691189309068037711362152200386222632424862017553643432885532556000471432930451486590052169750268085438202050706054321119373703226276349352497282137806439695304010890063413245021530329388171140996599137443210729889971916296373526227543684580978958590928261418143596840195824276687678388720355786098188419800379076096245159854958396024595058202367729130018012325157916191897942366805736282344776289921274918449874155945207809077308643218497526943588895559620988282533908560174674608127
1609	22764757236272150845448608801544890529699448070214573731542130224001885731721805946360208679001072341752808202824217284477494812905105397409989128551225758781216043560253652980086121317552684563986396549772842919559887665185494104910174738323915834363713045672574387360783297106750713554881423144392753679201516304384980639419833584098380232809470916520072049300631664767591769467222945129379105159685099673799496623780831236309234572873990107774355582238483953130135634240698698432511
1613	364236115780354413527177740824718248475191169123433179704674083584030171707548895141763338864017157468044931245187476551639917006481686358559826056819612140499456696964058447681377941080842953023782344796365486712958202642967905678562795813182653349819408730761190197772532753708011416878102770310284058867224260870159690230717337345574083724951534664321152788810106636281468311475567122070065682554961594780791945980493299780947753165983841724389689315815743250082170147851179174920191
1619	23311111409942682465739375412781967902412234823899723501099141349377930989283129289072853687297098077954875599691998499304954688414827926947828867636455176991965228605699740651608188229173948993522070066967391149629324969149945963428018932043689814388442158768716172657442096237312730680198577299858179767502352695690220174765909590116741358396898218516553778483846824722013971934436295812484203683517542065970684542751571185980656202622965870360940116212207568005258889462475467194892287
1621	93244445639770729862957501651127871609648939295598894004396565397511723957132517156291414749188392311819502398767993997219818753659311707791315470545820707967860914422798962606432752916695795974088280267869564598517299876599783853712075728174759257553768635074864690629768384949250922720794309199432719070009410782760880699063638360466965433587592874066215113935387298888055887737745183249936814734070168263882738171006284743922624810491863481443760464848830272021035557849901868779569151
1627	5967644520945326711229280105672183783017532114918329216281380185440750333256481098002650543948057107956448153521151615822068400234195949298644190114932525309943098523059133606811696186668530942341649937143652134305107192102386166637572846603184592483441192644791340200305176636752059054130835788763694020480602290096696364740072855069885787749605943940237767291864787128835576815215691727995956142980490768888495242944402223611047987871479262812400669750325137409346275702393719601892425727
1637	6110867989448014552298782828208316193809952885676369117472133309891328341254636644354714157002810478547402909205659254601798041839816652081811650677690905917381732887612552813375176895148575684957849535635099785528429764712843434636874594921661022703043781268266332365112500876034108471429975847694022676972136745059017077493834603591563046655596486594803473706869542019927630658780868329467859090412022547341819128775067876977713139580394765119898285824332940707170586319251168872337843945471
1657	6407709512903441307191248502871363361240465157050984423722459657552609506759421873990888751893379000353321552923233358553334983520227585773337733421010419363224467944361220178837689488007312897430362034678110392710258768963534517317795415244575628541866835987153637726080205718588341324538158354471607522528735259587003891050175113295626813209938741527632647245654436893087635245661807789440089813587876954601495334774445574169782533048652021230362464956535737634962104720295113651480527052967247871
1663	410093408825820243660239904183767255119389770051263003118237418083367008432602999935416880121176256022612579387086934947413438945294565489493614938944666839246365948439118091445612127232468025435543170219399065133456561213666209108338906575652840226679477503177832814469133165989653844770442134686182881441839056613568249027211207250920116045436079457768489423721883961157608655722355698524165748069624125094495701425564516746866082115113729358743197757218287208637574702098887273694753731389903863807
1667	6561494541213123898563838466940276081910236320820208049891798689333872134921647998966670081938820096361801270193390959158615023124713047831897839023114669427941855175025889463129794035719488406968690723510385042135304979418659345733422505210445443626871640050845325031506130655834461516327074154978926103069424905817091984435379316014721856726977271324295830779550143378521738491557691176386651969113986001511931222809032267949857313841819669739891164115492595338201195233582196379116059702238461820927
1669	26245978164852495594255353867761104327640945283280832199567194757335488539686591995866680327755280385447205080773563836634460092498852191327591356092458677711767420700103557852519176142877953627874762894041540168541219917674637382933690020841781774507486560203381300126024522623337846065308296619915704412277699623268367937741517264058887426907909085297183323118200573514086953966230764705546607876455944006047724891236129071799429255367278678959564656461970381352804780934328785516464238808953847283711
1693	440334444803013926723870430995863483703366909461783710471893932957885075695846526218526403061701134167211016236435527577005050015233222965976326940896095207044707758848508612460210362291110289652838518022120032380292451462329609095153231156707074655775395637629132002575140637348625684412427398984395674716936018562692034858963987306844991080918202832393268803551844553169715869473510245310131838410602687073367986808845044441458533294015993729099271507428272873558378015567915849627392090773401429909849505791
1697	7045351116848222827581926895933815739253870551388539367550302927326161211133544419496422448987218146675376259782968441232080800243731567455621231054337523312715324141576137799363365796657764634445416288353920518084679223397273745522451698507313194492406330202066112041202250197578010950598838383750330795470976297003072557743423796909519857294691245318292300856829512850715453911576163924962109414569642993173887788941520711063336532704255899665588344118852365976934048249086653594038273452374422878557592092671
1699	28181404467392891310327707583735262957015482205554157470201211709304644844534177677985689795948872586701505039131873764928323200974926269822484924217350093250861296566304551197453463186631058537781665153415682072338716893589094982089806794029252777969625320808264448164809000790312043802395353535001323181883905188012290230973695187638079429178764981273169203427318051402861815646304655699848437658278571972695551155766082844253346130817023598662353376475409463907736192996346614376153093809497691514230368370687
1709	28857758174610320701775572565744909267983853778487457249486040790327956320802997942257346351051645528782341160071038735286602957798324500298224562398566495488881967683895860426192346303110203942688425117097658442074846099035233261659962157085954844640896328507662794920764416809279532853652842019841354938249118912524585196517063872141393335479055340823725264309573684636530499221815967436644800162077257700040244383504468832515426437956632165030249857510819291041521861628258933121180768060925636110571897211584511
1721	118201377483203873594472745229291148361661865076684624893894823077183309090009079571486090653907540085892469391650974659733925715141937153221527807584528365522460539633237444305683850457539395349251789279632008978738569621648315439759204995424071043649111361567386807995451051250808966568562040913270189827068391065700700964933893620291147102122210676013978682612013812271228924812558202620497101463868447539364840994834304337983186689870365347963903416364315816106073545229348590064356425977551405508902490978650161151
1723	472805509932815494377890980917164593446647460306738499575579292308733236360036318285944362615630160343569877566603898638935702860567748612886111230338113462089842158532949777222735401830157581397007157118528035914954278486593261759036819981696284174596445446269547231981804205003235866274248163653080759308273564262802803859735574481164588408488842704055914730448055249084915699250232810481988405855473790157459363979337217351932746759481461391855613665457263264424294180917394360257425703910205622035609963914600644607
1733	484152842171203066242960364459176543689366999354100223565393195324142834032677189924807027318405284191815554628202392206270159729221374579595377899866228185179998370337740571876081051474081363350535328889372708776913181170271500041253703661256994994786760136980016365549367505923313527064830119580754697531672129805110071152369228268712538530292574928953256683978808575062953676032238397933556127596005161121238388714841310568379132681709016465260148393428237582770477241259411824903603920804050556964464603048551060078591
1741	123943127595827984958197853301549195184477951834649657232740658002980565512365360620750598993511752753104781984819812404805160890680671892376416742365754415406079582806461586400276749177364829017737044195679413446889774379589504010560948137281790718665410595066884189580638081516368262928596510612673202568108065230108178215006522436790409863754899181812033711098574995216116141064253029870990368664577321247037027510999375505505057966517508215106597988717628821189242173762409427175322603725836942582902938380429071380119551
1747	7932360166132991037324662611299148491806588917417578062895402112190756192791383079728038335584752176198706047028467993907530297003563001112090671511408282585989093299613541529617711947351349057135170828523482460600945560293728256675900680786034605994586278084280588133160837217047568827430176679211084964358916174726923405760417435954586231280313547635970157510308799693831433028112193911743383594532948559810369760703960032352323709857120525766822271277928244556111499120794203339220646638453564325305788056347460568327651327
1753	507671050632511426388778407123145503475621690714724996025305735180208396338648517102594453477424139276717187009821951610081939008228032071173802976730130085503301971175266657895533564630486339656650933025502877478460515858798608427257643570306214783653521797393957640522293581891044404955531307469509437718970635182523097968666715901093518801940067048702090080659763180405211713799180410351576550050108707827863664685053442070548717430855713649076625361787407651591135943730829013710121384861028116819570435606237476372969684991
1759	32490947240480731288881818055881312222439788205742399745619567051533337365673505094566045022555144913709899968628604903045244096526594052555123390510728325472211326155217066105314148136351125738025659713632184158621473014963110939344489188499597746153825395033213288993426789241026841917154003678048604014014120651681478269994669817669985203324164291116933765162224843545933549683147546262500899203206957300983274539843420292515117915574765673540904023154394089701832700398773056877447768631105799476452507878799198487870059839487
1777	8517306873408580822992635312440950711239255839406135638915695785157155190387115319509921306392695908259568017376177003703892468439867471313010266082044366152587365883633222577111472049055629505468998539970395284077667422034489754083521773830038551567748404355586664429892872238799740447530419140178373250649717644114389439609482724683280601140209723930557484934686269386505204448139030367437035720725484614708959520972713569161083070860431372724706744245785484250797231413335964222081667860032598697955166225379937088404208966562742271
1783	545107639898149172671528659996220845519312373721992680890604530250057932184775380448634963609132538128612353112075328237049117980151518164032657029250839433765591416552526244935134211139560288350015906558105298180970715010207344261345393525122467300335897878757546523513143823283183388641946824971415888041581929223320924135006894379729958472973422331555679035819921240736333084680897943515970286126431015341373409342253668426309316535067607854381231631730270992051022810453501710213226743042086316669130638424315973657869373860015505407
1787	8721722238370386762744458559939533528308997979551882894249672484000926914956406087178159417746120610057797649793205251792785887682424290624522512468013430940249462664840419918962147378232964613600254504929684770895531440163317508181526296401959476805374366060120744376210301172530934218271149199542654208665310867573134786160110310075679335567574757304890864573118739851781329354894367096255524578022896245461974549476058694820949064561081725670099706107684335872816364967256027363411627888673381066706090214789055578525909981760248086527
1789	34886888953481547050977834239758134113235991918207531576998689936003707659825624348712637670984482440231190599172821007171143550729697162498090049872053723760997850659361679675848589512931858454401018019718739083582125760653270032726105185607837907221497464240482977504841204690123736873084596798170616834661243470292539144640441240302717342270299029219563458292474959407125317419577468385022098312091584981847898197904234779283796258244326902680398824430737343491265459869024109453646511554693524266824360859156222314103639927040992346111
1801	142896697153460416720805209046049317327814622896978049339386633977871186574645757332326963900352440075186956694211874845373003983788839577592176844275932052525047196300745439952275822644968892229226569808767955286352387115635794054046126840249704067979253613529018275859829574410746826232154508485306846554772453254318240336447247320279930233939144823683331925165977433731585300150589310505050514686327132085648991018615745655946429473768762993378913584868300158940223323623522752322136111328024675396912582079103886598568509141159904649674751
1811	146326217885143466722104534063154500943682173846505522523531913193340095052437255508302811033960898636991443654872959841661956079399771727454389088538554421785648329011963330511130442388448145642728007484178386213224844406411053111343233884415696965610755700253714714480465484196604750061726216688954210872086992132421878104521981255966648559553684299451731891369960892141143347354203453957171727038798983255704566803062523551689143781139213305220007510905139362754788683390487298377867377999897267606438484049002379876934153360547742361266946047
1823	599352188457547639693740171522680835865322184075286620256386716439921029334782998562008313995103840817116953210359643511447372101221464995653177706653918911634015555633001801773590292023083604552613918655194669929368962688659673544061885990566694771141655348239215470511986623269293056252830583557956447732068319774400012716122035224439392499931890890554293827051359814210123150762817347408575393950920635415365905625344096467718732927546217698181150764667450829843614447167435974155744780287579208115972030664713747975922292164803552711749411012607
1831	153434160245132195761597483909806293981522479123273374785634999408619783509704447631874128382746583249181940021852068738930527257912695038887213492903403241378307982242048461254039114757909402765469163175729835501918454448296876427279842813585073861412263769149239160451068575556939022400724629390836850619409489862246403255327241017456484479982564067981899219725148112437791526595281240936595300851435682666333671840088088695735995629451831730734374595754867412439965298474863609383870663753620277277688839850166719481836106794189709494207849219227647
1847	10055461125824983581432052705513065282373057191822843889951375321243306132091990680002502877691680079818387621272097176874551034374566382068512423470917434826968791924214887956744707424774350619637787077884630499453727830723584093538211778631111400581514118374964537619321230167699555772053889311757883842193620327612180283741126067320028166880137318759261747263907306696723105486948351406020709636599688899220843517712012980763754209571755244305407973507390990741665565800848661504581347819757258491670615808420526127961611094864016801412405606431303139327
1861	164748675085516530998182751527126061586400169030825474292963333263250327668195175301161007148100486427744462786922040145912644147192895603810507546147511252205056686886336724283305286447502960552145503484061786103049876778575201788530061781092129187127527315455418984354959035067589521769330922483841168870500275447597961768814609486971341486164169830551744467171857312919111360298161789436243306686049302924834300194193620676833348969623637922699804237945093992311448630081104470091060802678902923127531369405161900080523036178252051274340853455770470634749951
1867	10543915205473057983883696097736067941529610817972830354749653328848020970764491219274304457478431131375645618363010569338409225420345318643872482953440720141123627960725550354131538332640189475337312222979954310595192113828812914465923953989896267976161748189146814998717378244325729393237179038965834807712017628646269553204135007166165855114506869155311645898998868026823127059082354523919571627907155387189395212428391723317334334055912827052787471228486015507932712325190686085827891371449787080162007641930361605153474315408131281557814621169310120623996927
1871	168702643287568927742139137563777087064473773087565285675994453261568335532231859508388871319654898102010329893808169109414547606725525098301959727255051522257978047371608805666104613322243031605396995567679268969523073821261006631454783263838340287618587971026349039979478051909211670291794864623453356923392282058340312851266160114658653681832109906484986334383981888429170032945317672382713146046514486195030323398854267573077349344894605232844599539655776248126923397203050977373246261943196593282592122270885785682455589046530100504925033938708961929983950847
1873	674810573150275710968556550255108348257895092350261142703977813046273342128927438033555485278619592408041319575232676437658190426902100393207838909020206089031912189486435222664418453288972126421587982270717075878092295285044026525819133055353361150474351884105396159917912207636846681167179458493813427693569128233361251405064640458634614727328439625939945337535927553716680131781270689530852584186057944780121293595417070292309397379578420931378398158623104992507693588812203909492985047772786373130368489083543142729822356186120402019700135754835847719935803391
1877	10796969170404411375496904804081733572126321477604178283263645008740373474062839008536887764457913478528661113203722823002531046830433606291325422544323297424510595031782963562630695252623554022745407716331473214049476724560704424413106128885653778407589630145686338558686595322189546898674871335901014843097106051733780022481034247338153835637255034015039125400574840859466882108500331032493641346976927116481940697526673124676950358073254734902054370537969679880123097420995262551887760764364581970085895825336690283677157698977926432315202172077373563518972854271
1879	43187876681617645501987619216326934288505285910416713133054580034961493896251356034147551057831653914114644452814891292010124187321734425165301690177293189698042380127131854250522781010494216090981630865325892856197906898242817697652424515542615113630358520582745354234746381288758187594699485343604059372388424206935120089924136989352615342549020136060156501602299363437867528434001324129974565387907708465927762790106692498707801432293018939608217482151878719520492389683981050207551043057458327880343583301346761134708630795911705729260808688309494254075891417087
1889	44224385721976468994035322077518780711429412772266714248247889955800569749761388578967092283219613608053395919682448683018367167817456051369268930741548226250795397250183018752535327754746077277165190006093714284746656663800645322396082703915637876357487125076731242736380294439688384096972272991850556797325746387901562972082316277097078110770196619325600257640754548160376349116417355909093954957217493469110029097069253118676788666668051394158814701723523808788984207036396595412532268090837327749471829300579083401941637935013586666763068096828922116173712811098111
1901	181143083917215616999568679229516925794014874715204461560823357258959133695022647619449209992067537338586709687019309805643231919380299986408525540317381534723257947136749644810384702483439932527268618264959853710322305694927443240534354755238452741560267264314291170248213686024963621261198430174619880641846257204844801933649167470989631941714725352757658655296530629264901525980845489803648839504762853249474679181595660774100126378672338510474505018259553520799679312021080454809732170100069694461836612815171925614352948981815650987061526924611264987847527674257866751
1907	11593157370701799487972395470689083250816951981773085539892694864573384556481449447644749439492322389669549419969235827561166842840339199130145634580312418222288508616751977267864620958940155681745191568957430637460627564475356367394198704335260975459857104916114634895885675905597671760716699531175672361078160461110067323753546718143336444269742422576490153938977960272953697662774111347433525728304822607966379467622122289542408088235029664670368321168611425331179475969349149107822858886404460445557543220171003239318588734836201663171937723175120959222241771152503472127
1913	741962071724915167230233310124101328052284926833477474553132471332696611614812764649263964127508632938851162878031092963914677941781708744329320613139994766226464551472126545143335741372169963631692260413275560797480164126422807513228717077456702429430854714631336633336683257958250992685868769995243031109002269511044308720226989961173532433263515044895369852094589457469036650417543126235745646611508646909848285927815826530714117647041898538903572554791131221195486462038345542900662968729885468515682766090944207316389679029516906443004014283207741390223473353760222216191
1931	194500905330256161598402280849172418540938179859835119089256358565038420555153477376216652612241623073122199241498582833932449334370424257073465422810970787997670323381109141050054604586266122946266335913777708609694640144756980452747828809552809801660721978312317110409411495974207748226644382841632989147038290938703199265155184056381874486185430887929051834507484058738763143687056425283943306785327322735535269066261352030067521656466151450582338123803166302849069603104580053998151393274727096258575143034144478282747656019513679922594844320257210158998742198848119692641435647
1933	778003621321024646393609123396689674163752719439340476357025434260153682220613909504866610448966492292488796965994331335729797337481697028293861691243883151990681293524436564200218418345064491785065343655110834438778560579027921810991315238211239206642887913249268441637645983896830992906577531366531956588153163754812797060620736225527497944741723551716207338029936234955052574748225701135773227141309290942141076265045408120270086625864605802329352495212665211396278412418320215992605573098908385034300572136577913130990624078054719690379377281028840635994968795392478770565742591
1949	50987245326894671226051567510925454485995698221176617458534018859673431718010153173310938182383468038880545797963404498418387998309200496446266519797359126248861289252417474671425514264662146533626042361781343645779791746107173883805126835451411772646548302282704056591164767200662715951125465095637038306961205739835411468164840569276170105306593594685273364105129901094014325538699719549634034213932845691184157574106015866570020397112662805861456445126257227294066502036247033675291398838610059921607922295542770114952601539579394109628702869489506099920566274974841488707796506509311
1951	203948981307578684904206270043701817943982792884706469834136075438693726872040612693243752729533872155522183191853617993673551993236801985785066079189436504995445157009669898685702057058648586134504169447125374583119166984428695535220507341805647090586193209130816226364659068802650863804501860382548153227844822959341645872659362277104680421226374378741093456420519604376057302154798878198536136855731382764736630296424063466280081588450651223445825780505028909176266008144988134701165595354440239686431689182171080459810406158317576438514811477958024399682265099899365954831186026037247
1973	855424028094302508408451975269378709809718804127495885251196277756814853394307429981723045048494838117395315050324397365336953819441091516186245796208570290648415603826286494737034880729317999418295375928755747115475054559457215398157514825764792814634032521830219021506194990915233728658677371009963249276162452317658502650278653836309269509471466962251283248638411058712914646657081554023632912958541561655665907398812635092872411326764920229103720854475364773873649223026556313329637661257510115077759179663536891456904625791456044126368427841245253571684923237568310221812262873752133435391
1979	54747137798035360538140926417240237427822003464159736656076561776436150617235675518830274883103669639513300163220761431381565044444229857035919730957348498601498598644882335663170232366676351962770904059440367815390403491805261785482080948848946740136578081397134017376396479418574958634155351744637647953674396948330144169617833845523793248606173885584082127912858307757626537386053219457512506429346659945962618073524008645943834324912954894662638134686423345527913550273699604053096810320480647364976587498466361053241896050653186824087579381839696228587835087204371854195984823920136539865087
1987	14015267276297052297764077162813500781522432886824892583955599814767654558012332932820550370074539427715404841784514926433680651377722843401195451125081215641983641253089877929771579485869146102469351439216734160739943293902147017083412722905330365474963988837666308448357498731155189410343770046627237876140645618772516907422165464454091071643180514709525024745691726785952393570829624181123201645912744946166430226822146213361621587177716453033635362479724376455145868870067098637592783442043045725434006399607388429629925388967215826966420321750962234518485782324319194674172114923554954205462527
1993	896977105683011347056900938420064050017435704756793125373158388145129891712789307700515223684770523373785909874208955291755561688174261977676508872005197801086953040197752187505381087095625350558038492109870986287356370809737409093338414265941143390397695285610643740694879918793932122262001282984143224073001319601441082075018589725061828585163552941409601583724270514300953188533095947591884905338415676554651534516617357655143781579373852994152663198702360093129335607684294312805938140290754926427776409574872859496315224893901812925850900592061583009183090068756428459147015355107517069149601791
1997	14351633690928181552910415014721024800278971276108690005970534210322078267404628923208243578956328373980574557987343284668088987010788191642824141952083164817391248643164035000086097393530005608928615873757935780597701932955798545493414628255058294246363124569770299851118078700702913956192020527746291585168021113623057313200297435600989257362616847062553625339588328228815251016529535161470158485414650824874424552265877722482300505269981647906442611179237761490069369722948709004895010244652078822844422553197965751941043598302429006813614409472985328146929441100102855346352245681720273106393628671
1999	57406534763712726211641660058884099201115885104434760023882136841288313069618515692832974315825313495922298231949373138672355948043152766571296567808332659269564994572656140000344389574120022435714463495031743122390807731823194181973658513020233176985452498279081199404472314802811655824768082110985166340672084454492229252801189742403957029450467388250214501358353312915261004066118140645880633941658603299497698209063510889929202021079926591625770444716951045960277478891794836019580040978608315291377690212791863007764174393209716027254457637891941312587717764400411421385408982726881092425574514687
